\e[49m                                                \e[m
\e[49m                                                \e[m
\e[49m                                      \e[49;38;2;20;20;20m▀\e[49m         \e[m
\e[49m            \e[38;2;18;15;23;48;2;21;18;26m▄\e[38;2;12;10;16;48;2;21;16;26m▄\e[38;2;24;19;29;49m▄\e[49m                \e[38;2;24;24;36;49m▄\e[38;2;22;18;29;49m▄\e[38;2;14;12;17;48;2;23;20;30m▄\e[38;2;19;14;22;48;2;23;21;29m▄\e[49m             \e[m
\e[49m         \e[49;38;2;18;36;36m▀\e[49m  \e[38;2;20;16;24;48;2;17;14;22m▄\e[38;2;12;11;15;48;2;8;7;10m▄\e[38;2;7;7;8;48;2;11;9;14m▄\e[38;2;8;7;11;48;2;28;20;34m▄\e[38;2;27;20;36;49m▄\e[49m             \e[38;2;37;29;47;49m▄\e[38;2;30;24;42;48;2;36;30;44m▄\e[38;2;15;12;15;48;2;15;13;17m▄\e[38;2;12;10;15;48;2;13;11;16m▄\e[38;2;23;19;29;48;2;21;15;24m▄\e[49m             \e[m
\e[49m           \e[49;38;2;12;12;12m▀\e[38;2;20;15;24;48;2;20;16;25m▄\e[38;2;16;13;19;48;2;15;12;18m▄\e[38;2;12;11;15;48;2;12;10;14m▄\e[38;2;8;7;9;48;2;8;6;9m▄\e[38;2;8;7;9;48;2;15;12;19m▄\e[38;2;24;19;30;48;2;27;22;33m▄\e[38;2;32;27;41;49m▄\e[38;2;12;12;12;49m▄\e[49m \e[38;2;4;4;9;49m▄\e[38;2;11;8;13;49m▄\e[38;2;11;11;15;49m▄\e[38;2;12;9;14;49m▄\e[38;2;9;9;9;49m▄\e[49m \e[38;2;16;16;16;49m▄\e[38;2;33;25;40;49m▄\e[38;2;27;21;31;48;2;32;26;39m▄\e[38;2;8;8;8;48;2;32;23;36m▄\e[38;2;10;10;13;48;2;12;12;19m▄\e[38;2;11;9;14;48;2;14;12;15m▄\e[38;2;17;14;23;48;2;16;13;19m▄\e[38;2;31;24;39;48;2;27;24;34m▄\e[49m             \e[m
\e[49m      \e[38;2;39;39;39;49m▄\e[38;2;30;30;30;49m▄\e[38;2;28;28;28;49m▄\e[49m   \e[38;2;20;15;23;48;2;19;15;23m▄\e[38;2;10;9;12;48;2;12;10;14m▄\e[38;2;9;8;10;48;2;7;6;7m▄\e[48;2;8;7;9m \e[38;2;8;7;9;48;2;6;6;7m▄\e[38;2;11;9;14;48;2;17;14;21m▄\e[38;2;11;10;14;48;2;23;19;28m▄\e[38;2;15;12;18;48;2;19;16;23m▄\e[38;2;15;12;19;48;2;14;12;16m▄\e[38;2;9;7;10;48;2;11;9;13m▄\e[38;2;14;11;16;48;2;10;9;13m▄\e[38;2;9;7;11;48;2;5;6;8m▄\e[38;2;12;9;16;48;2;10;8;12m▄\e[38;2;12;10;15;48;2;10;9;13m▄\e[38;2;14;12;18;48;2;12;10;16m▄\e[38;2;10;9;12;48;2;15;12;18m▄\e[38;2;12;10;15;48;2;24;19;29m▄\e[38;2;10;9;12;48;2;14;11;16m▄\e[38;2;8;7;9;48;2;11;10;11m▄\e[38;2;10;8;11;48;2;9;8;10m▄\e[38;2;10;9;12;48;2;11;9;13m▄\e[38;2;15;11;17;48;2;13;10;17m▄\e[38;2;13;13;27;48;2;23;17;29m▄\e[49m  \e[38;2;12;12;24;49m▄\e[38;2;21;19;26;49m▄\e[38;2;19;17;21;48;2;15;15;15m▄\e[38;2;16;16;19;48;2;16;16;16m▄\e[38;2;13;13;13;49m▄\e[38;2;14;14;14;49m▄\e[49m     \e[m
\e[49m      \e[38;2;18;18;18;49m▄\e[38;2;16;16;16;49m▄\e[38;2;28;28;28;49m▄\e[49;38;2;17;17;17m▀\e[49m  \e[38;2;9;9;14;48;2;19;15;21m▄\e[38;2;8;7;10;48;2;8;7;9m▄\e[38;2;8;7;10;48;2;9;8;11m▄\e[38;2;10;9;12;48;2;8;7;10m▄\e[38;2;10;9;12;48;2;8;7;9m▄\e[38;2;15;12;18;48;2;12;10;15m▄\e[38;2;20;15;23;48;2;12;10;14m▄\e[38;2;21;15;25;48;2;14;11;17m▄\e[38;2;15;11;19;48;2;17;13;21m▄\e[38;2;20;15;23;48;2;15;12;18m▄\e[38;2;16;12;19;48;2;15;11;18m▄\e[38;2;17;13;22;48;2;11;8;14m▄\e[38;2;11;8;13;48;2;9;8;12m▄\e[38;2;13;10;16;48;2;13;10;15m▄\e[38;2;18;14;21;48;2;15;12;19m▄\e[38;2;11;9;13;48;2;13;10;16m▄\e[38;2;18;14;22;48;2;14;11;17m▄\e[38;2;16;12;18;48;2;11;9;13m▄\e[38;2;13;11;16;48;2;11;9;12m▄\e[38;2;9;7;10;48;2;10;9;12m▄\e[38;2;9;8;10;48;2;7;6;8m▄\e[38;2;15;13;19;48;2;16;13;18m▄\e[49m   \e[38;2;20;18;21;48;2;19;17;21m▄\e[38;2;19;19;19;48;2;21;19;23m▄\e[49;38;2;18;18;18m▀\e[49m        \e[m
\e[49m            \e[38;2;12;11;14;48;2;10;7;10m▄\e[38;2;11;10;13;48;2;9;9;11m▄\e[38;2;9;8;11;48;2;10;9;12m▄▄\e[38;2;16;12;19;48;2;14;12;17m▄\e[38;2;26;20;32;48;2;18;13;21m▄\e[38;2;31;23;39;48;2;24;18;29m▄\e[38;2;22;16;26;48;2;17;13;21m▄\e[38;2;27;21;33;48;2;22;17;27m▄\e[38;2;21;17;27;48;2;16;12;19m▄\e[38;2;24;18;29;48;2;22;16;27m▄\e[38;2;13;10;16;48;2;17;12;21m▄\e[38;2;14;11;18;48;2;15;11;19m▄\e[38;2;18;14;22;48;2;17;13;21m▄\e[38;2;17;12;20;48;2;18;14;22m▄\e[38;2;30;22;37;48;2;19;14;23m▄\e[38;2;19;15;23;48;2;16;13;20m▄\e[38;2;26;20;31;48;2;16;13;20m▄\e[38;2;23;18;29;48;2;16;12;19m▄\e[38;2;16;13;20;48;2;14;12;16m▄\e[38;2;12;11;14;48;2;11;10;13m▄\e[38;2;13;12;15;48;2;12;9;15m▄\e[49m   \e[38;2;19;19;21;48;2;19;17;20m▄\e[38;2;9;9;18;48;2;13;13;20m▄\e[49m         \e[m
\e[49m         \e[38;2;18;18;18;49m▄\e[38;2;27;27;27;49m▄\e[38;2;32;32;32;48;2;16;16;24m▄\e[38;2;15;14;17;48;2;13;11;14m▄\e[38;2;15;12;17;48;2;13;11;14m▄\e[38;2;13;10;15;48;2;9;8;10m▄\e[38;2;8;7;9;48;2;11;9;13m▄\e[38;2;8;7;10;48;2;20;16;25m▄\e[38;2;9;11;13;48;2;24;17;28m▄\e[38;2;20;45;50;48;2;25;19;31m▄\e[38;2;17;26;32;48;2;31;24;39m▄\e[38;2;20;18;27;48;2;22;17;27m▄\e[38;2;22;17;27;48;2;26;20;33m▄\e[38;2;13;10;16;48;2;21;16;26m▄\e[38;2;8;6;9;48;2;10;7;12m▄\e[38;2;8;7;10;48;2;11;8;13m▄\e[38;2;10;8;13;48;2;17;13;21m▄\e[38;2;12;9;14;48;2;19;14;23m▄\e[38;2;23;17;28;48;2;30;22;38m▄\e[38;2;17;22;29;48;2;26;20;33m▄\e[38;2;19;40;45;48;2;26;20;33m▄\e[38;2;8;11;13;48;2;23;18;28m▄\e[38;2;9;9;12;48;2;20;16;24m▄\e[38;2;13;11;16;48;2;10;9;13m▄\e[38;2;16;14;20;48;2;11;10;12m▄\e[38;2;15;13;17;48;2;13;9;13m▄\e[49m  \e[38;2;22;22;27;48;2;20;15;22m▄\e[38;2;20;17;23;48;2;17;13;17m▄\e[38;2;13;12;15;48;2;11;11;11m▄\e[38;2;17;15;19;48;2;14;14;14m▄\e[38;2;18;12;18;49m▄\e[49m      \e[m
\e[49m          \e[49;38;2;14;14;14m▀\e[38;2;17;17;19;48;2;26;26;26m▄\e[38;2;11;12;15;48;2;14;14;18m▄\e[38;2;14;15;20;48;2;17;18;23m▄\e[38;2;20;19;26;48;2;17;14;20m▄\e[38;2;21;16;25;48;2;16;12;19m▄\e[38;2;15;12;18;48;2;14;12;17m▄\e[38;2;12;13;18;48;2;16;26;30m▄\e[38;2;32;70;79;48;2;45;106;117m▄\e[38;2;45;107;120;48;2;34;77;87m▄\e[38;2;25;49;56;48;2;22;42;49m▄\e[38;2;7;6;10;48;2;15;12;18m▄\e[38;2;10;8;12;48;2;8;6;10m▄\e[38;2;18;14;22;48;2;8;7;10m▄\e[38;2;17;12;20;48;2;12;10;15m▄\e[38;2;14;10;17;48;2;9;7;11m▄\e[38;2;10;7;12;48;2;11;7;13m▄\e[38;2;20;38;45;48;2;14;23;28m▄\e[38;2;45;109;121;48;2;30;69;76m▄\e[38;2;28;59;69;48;2;37;90;99m▄\e[38;2;16;18;24;48;2;15;23;28m▄\e[38;2;18;14;22;48;2;18;15;22m▄\e[38;2;20;17;26;48;2;20;17;25m▄\e[38;2;16;15;21;48;2;15;13;18m▄\e[38;2;19;20;25;48;2;14;12;15m▄\e[38;2;27;27;27;48;2;13;0;13m▄\e[38;2;0;20;0;48;2;0;0;0m▄\e[49m \e[49;38;2;23;21;26m▀\e[38;2;20;17;23;48;2;12;12;12m▄\e[38;2;16;14;19;48;2;9;9;19m▄\e[38;2;16;13;19;48;2;13;13;13m▄\e[38;2;14;14;19;49m▄\e[49m     \e[m
\e[49m          \e[38;2;18;18;18;48;2;17;17;17m▄\e[38;2;17;17;17;48;2;13;13;15m▄\e[38;2;10;9;12;48;2;8;8;10m▄\e[38;2;8;7;10;48;2;8;8;11m▄\e[38;2;8;9;11;48;2;12;13;17m▄\e[38;2;8;8;11;48;2;19;19;27m▄\e[38;2;13;12;17;48;2;18;15;23m▄\e[38;2;17;17;24;48;2;15;11;17m▄\e[38;2;22;17;27;48;2;13;12;17m▄\e[38;2;21;15;25;48;2;16;19;25m▄\e[38;2;21;15;26;48;2;12;11;15m▄\e[38;2;19;13;22;48;2;9;6;10m▄\e[38;2;12;9;15;48;2;13;9;15m▄\e[38;2;34;24;43;48;2;29;21;35m▄\e[38;2;46;33;60;48;2;37;27;46m▄\e[38;2;32;23;41;48;2;25;18;30m▄\e[38;2;11;8;13;48;2;12;8;14m▄\e[38;2;22;16;26;48;2;13;11;17m▄\e[38;2;25;18;29;48;2;17;22;28m▄\e[38;2;25;18;30;48;2;14;14;20m▄\e[38;2;20;16;26;48;2;18;13;21m▄\e[38;2;15;14;19;48;2;18;15;23m▄\e[38;2;9;9;12;48;2;18;18;25m▄\e[38;2;8;8;10;48;2;12;15;19m▄\e[38;2;20;20;23;48;2;16;16;19m▄\e[38;2;15;30;30;48;2;29;29;29m▄\e[49m   \e[49;38;2;20;20;25m▀\e[38;2;19;19;24;48;2;21;18;25m▄\e[38;2;10;10;20;48;2;17;15;20m▄\e[38;2;0;0;0;48;2;18;16;21m▄\e[38;2;9;9;9;48;2;8;8;17m▄\e[49m    \e[m
\e[49m           \e[38;2;22;22;22;48;2;19;19;19m▄\e[38;2;15;15;17;48;2;11;11;13m▄\e[48;2;11;10;14m \e[38;2;11;9;13;48;2;8;8;10m▄\e[38;2;13;17;20;48;2;14;16;20m▄\e[38;2;15;22;26;48;2;10;9;13m▄\e[38;2;12;13;17;48;2;15;13;20m▄\e[38;2;10;8;13;48;2;20;16;26m▄\e[38;2;22;16;26;48;2;30;20;36m▄\e[38;2;27;19;33;48;2;29;21;35m▄\e[38;2;34;24;42;48;2;27;19;34m▄\e[38;2;34;24;42;48;2;21;15;26m▄\e[38;2;21;15;26;48;2;27;18;36m▄\e[38;2;19;13;24;48;2;42;30;57m▄\e[38;2;19;14;25;48;2;34;23;44m▄\e[38;2;32;23;39;48;2;19;13;24m▄\e[38;2;32;22;39;48;2;33;24;40m▄\e[38;2;23;17;28;48;2;34;25;42m▄\e[38;2;17;13;21;48;2;32;25;40m▄\e[38;2;13;16;20;48;2;19;15;23m▄\e[38;2;15;18;22;48;2;11;11;14m▄\e[38;2;11;11;14;48;2;9;9;11m▄\e[38;2;11;11;13;48;2;12;12;14m▄\e[38;2;20;20;20;48;2;22;22;22m▄\e[49;38;2;24;24;24m▀\e[49m    \e[49;38;2;25;16;25m▀\e[38;2;23;20;26;48;2;20;19;23m▄\e[38;2;20;17;24;48;2;18;16;21m▄\e[38;2;19;17;22;48;2;16;16;19m▄\e[38;2;18;15;24;48;2;14;14;14m▄\e[49m   \e[m
\e[49m         \e[38;2;51;51;64;49m▄\e[49m \e[49;38;2;20;20;20m▀\e[49;38;2;19;19;19m▀\e[38;2;16;16;16;48;2;11;12;14m▄\e[38;2;13;12;17;48;2;13;11;16m▄\e[38;2;16;14;21;48;2;15;14;20m▄\e[38;2;17;20;26;48;2;17;24;28m▄\e[38;2;16;25;29;48;2;23;39;45m▄\e[38;2;22;38;45;48;2;14;22;25m▄\e[38;2;23;42;49;48;2;12;12;16m▄\e[38;2;16;25;30;48;2;17;13;21m▄\e[38;2;16;24;28;48;2;27;19;33m▄\e[38;2;8;11;13;48;2;27;19;33m▄\e[38;2;13;20;23;48;2;21;15;26m▄\e[38;2;10;14;18;48;2;9;6;11m▄\e[38;2;12;16;19;48;2;14;11;17m▄\e[38;2;15;23;27;48;2;19;13;23m▄\e[38;2;16;25;30;48;2;15;11;19m▄\e[38;2;25;45;51;48;2;12;12;17m▄\e[38;2;25;45;51;48;2;22;34;39m▄\e[38;2;17;24;28;48;2;16;24;28m▄\e[38;2;13;12;17;48;2;13;17;20m▄\e[38;2;11;10;15;48;2;9;8;12m▄\e[38;2;14;14;16;48;2;12;12;15m▄\e[48;2;20;20;20m \e[49m  \e[38;2;36;36;55;49m▄\e[49m   \e[38;2;16;16;21;48;2;16;16;20m▄\e[38;2;17;17;17;48;2;19;12;19m▄\e[49;38;2;18;15;18m▀\e[38;2;21;21;21;48;2;19;19;24m▄\e[49m   \e[m
\e[49m         \e[38;2;49;53;65;48;2;50;50;67m▄\e[49m    \e[49;38;2;14;14;17m▀\e[38;2;10;10;14;48;2;13;13;16m▄\e[38;2;15;14;18;48;2;17;15;21m▄\e[38;2;16;14;20;48;2;17;18;24m▄\e[38;2;19;17;25;48;2;17;27;31m▄\e[38;2;13;18;22;48;2;25;45;51m▄\e[38;2;26;45;51;48;2;18;30;35m▄\e[38;2;24;43;50;48;2;30;58;67m▄\e[38;2;28;52;59;48;2;23;41;48m▄\e[38;2;26;49;56;48;2;31;61;70m▄\e[38;2;21;37;42;48;2;18;32;37m▄\e[38;2;25;45;52;48;2;25;46;53m▄\e[38;2;28;52;59;48;2;31;62;72m▄\e[38;2;23;41;47;48;2;29;55;63m▄\e[38;2;18;26;31;48;2;26;46;53m▄\e[38;2;22;20;29;48;2;19;28;34m▄\e[38;2;16;15;18;48;2;17;17;24m▄\e[38;2;13;13;13;48;2;12;11;15m▄\e[49;38;2;11;11;11m▀\e[49m    \e[38;2;44;55;67;48;2;41;56;66m▄\e[49m   \e[38;2;22;22;26;48;2;29;22;32m▄\e[38;2;18;17;24;48;2;22;19;27m▄\e[38;2;19;16;22;48;2;19;16;23m▄\e[38;2;20;19;24;48;2;16;16;21m▄\e[49m   \e[m
\e[49m       \e[49;38;2;20;39;39m▀\e[49m \e[38;2;53;53;67;48;2;53;53;69m▄\e[49m      \e[49;38;2;9;9;19m▀\e[49;38;2;16;14;16m▀\e[38;2;15;15;18;48;2;15;13;19m▄\e[38;2;15;14;18;48;2;19;15;23m▄\e[38;2;19;15;22;48;2;16;18;23m▄\e[38;2;16;13;21;48;2;12;15;19m▄\e[38;2;16;14;21;48;2;17;26;31m▄\e[38;2;15;13;19;48;2;15;23;27m▄\e[38;2;17;15;22;48;2;25;41;48m▄\e[38;2;17;14;20;48;2;15;22;27m▄\e[38;2;17;14;21;48;2;14;20;24m▄\e[38;2;18;14;21;48;2;14;14;18m▄\e[38;2;17;13;20;48;2;22;17;27m▄\e[49;38;2;20;18;24m▀\e[49;38;2;12;24;12m▀\e[49m  \e[49;38;2;46;36;55m▀\e[49m  \e[38;2;47;59;65;49m▄\e[38;2;42;57;64;48;2;44;61;67m▄\e[49m  \e[38;2;16;16;16;49m▄\e[38;2;23;21;28;48;2;23;20;23m▄\e[38;2;22;19;27;48;2;11;11;11m▄\e[38;2;19;16;22;48;2;13;13;19m▄\e[38;2;20;15;20;48;2;16;16;20m▄\e[49m   \e[m
\e[49m         \e[49;38;2;32;32;42m▀\e[49m \e[49;38;2;20;20;20m▀▀\e[49;38;2;16;16;16m▀\e[49m    \e[49;38;2;0;0;0m▀\e[49;38;2;8;8;15m▀\e[49;38;2;9;9;11m▀\e[49;38;2;11;9;12m▀\e[38;2;13;13;13;48;2;13;12;17m▄\e[38;2;15;15;19;48;2;15;13;19m▄\e[38;2;15;15;15;48;2;16;14;20m▄\e[38;2;0;0;0;48;2;14;13;18m▄\e[49;38;2;14;12;17m▀\e[49;38;2;10;0;10m▀\e[49m        \e[49;38;2;36;55;55m▀\e[49m  \e[38;2;14;14;14;49m▄\e[38;2;20;20;25;48;2;16;16;21m▄\e[38;2;10;10;20;48;2;21;18;23m▄\e[38;2;13;13;13;48;2;20;18;24m▄\e[38;2;18;17;22;48;2;19;17;23m▄\e[38;2;19;9;19;48;2;17;17;23m▄\e[49m   \e[m
\e[49m                 \e[38;2;13;13;13;49m▄\e[38;2;0;0;20;49m▄\e[49m                  \e[38;2;15;15;23;49m▄\e[38;2;20;17;23;48;2;17;0;17m▄\e[38;2;10;10;20;48;2;22;20;25m▄\e[38;2;20;18;25;48;2;23;20;28m▄\e[38;2;17;15;21;48;2;18;17;22m▄\e[38;2;17;15;18;48;2;12;12;17m▄\e[38;2;13;13;13;48;2;15;15;15m▄\e[49m    \e[m
\e[49m             \e[38;2;16;16;16;49m▄\e[38;2;22;22;22;48;2;20;20;20m▄\e[38;2;19;19;28;48;2;20;20;20m▄\e[38;2;23;23;23;48;2;19;19;19m▄\e[38;2;22;22;22;48;2;20;20;20m▄\e[38;2;19;19;19;48;2;19;16;16m▄\e[38;2;18;16;18;48;2;17;17;17m▄\e[38;2;14;12;14;48;2;15;15;15m▄\e[38;2;12;10;14;48;2;13;13;15m▄\e[38;2;13;11;13;48;2;12;12;12m▄\e[38;2;14;14;14;48;2;0;0;0m▄\e[38;2;15;12;18;48;2;17;0;17m▄\e[38;2;16;14;19;49m▄\e[38;2;13;13;13;49m▄\e[38;2;15;15;19;49m▄\e[38;2;17;11;17;49m▄\e[38;2;17;17;17;49m▄\e[38;2;21;11;21;49m▄\e[38;2;23;15;23;49m▄\e[38;2;14;14;14;49m▄\e[38;2;18;12;18;49m▄\e[38;2;20;18;24;49m▄\e[38;2;19;17;23;49m▄\e[38;2;20;20;20;48;2;20;13;20m▄\e[38;2;22;19;26;48;2;25;21;29m▄\e[48;2;21;19;26m \e[38;2;16;14;20;48;2;0;0;12m▄\e[48;2;9;9;9m \e[38;2;17;13;17;48;2;16;15;20m▄\e[49;38;2;19;16;24m▀\e[49m     \e[m
\e[49m            \e[38;2;16;16;16;49m▄\e[49;38;2;20;20;20m▀\e[49m  \e[38;2;18;18;18;48;2;15;15;15m▄\e[38;2;15;15;15;48;2;20;20;20m▄\e[49;38;2;18;18;18m▀\e[38;2;15;12;15;48;2;16;14;16m▄\e[38;2;14;12;15;48;2;14;12;14m▄\e[38;2;12;11;13;48;2;12;11;15m▄\e[38;2;11;9;12;48;2;13;11;15m▄\e[38;2;11;11;11;48;2;8;8;8m▄\e[38;2;16;15;19;48;2;15;13;16m▄\e[38;2;17;16;21;48;2;18;15;20m▄\e[38;2;10;10;10;48;2;15;15;15m▄\e[38;2;19;17;22;48;2;21;17;24m▄\e[48;2;22;19;27m \e[38;2;16;12;20;48;2;18;18;18m▄\e[38;2;18;9;18;48;2;15;13;18m▄\e[38;2;22;19;25;48;2;22;19;28m▄\e[38;2;21;17;24;48;2;18;15;23m▄\e[49;38;2;12;12;12m▀\e[38;2;16;14;21;48;2;18;15;22m▄\e[38;2;20;18;24;48;2;20;17;24m▄\e[38;2;17;15;19;48;2;16;11;16m▄\e[38;2;20;13;20;48;2;19;14;23m▄\e[38;2;19;18;23;48;2;18;16;23m▄\e[38;2;20;17;20;48;2;17;16;20m▄\e[49;38;2;16;11;16m▀\e[49m       \e[m
\e[49m            \e[38;2;18;18;18;48;2;24;24;24m▄\e[49m   \e[38;2;20;20;20;49m▄\e[49m   \e[49;38;2;15;15;15m▀\e[38;2;17;0;17;48;2;14;11;14m▄\e[38;2;18;9;9;48;2;13;13;15m▄\e[38;2;13;13;13;48;2;10;10;10m▄\e[38;2;15;12;17;48;2;14;13;16m▄\e[38;2;15;14;17;48;2;16;14;18m▄\e[38;2;12;12;12;48;2;13;13;13m▄\e[38;2;19;18;21;48;2;17;14;20m▄\e[38;2;20;17;23;48;2;20;18;24m▄\e[38;2;15;15;20;48;2;18;12;18m▄\e[38;2;13;13;13;48;2;14;14;14m▄\e[38;2;20;17;23;48;2;19;17;23m▄\e[38;2;17;16;20;48;2;18;16;22m▄\e[38;2;8;8;8;49m▄\e[38;2;18;15;21;48;2;16;14;19m▄\e[38;2;18;15;21;48;2;18;16;21m▄\e[38;2;12;12;12;48;2;18;14;20m▄\e[49;38;2;20;13;20m▀\e[49;38;2;12;12;12m▀\e[49m         \e[m
\e[49m             \e[49;38;2;20;20;20m▀\e[49m \e[49;38;2;20;39;39m▀\e[49;38;2;14;28;28m▀\e[49m         \e[49;38;2;12;12;18m▀\e[49;38;2;22;18;22m▀\e[49;38;2;19;17;22m▀\e[49;38;2;14;14;14m▀\e[49;38;2;11;11;15m▀\e[49;38;2;20;17;22m▀\e[49;38;2;22;17;26m▀\e[49m               \e[m
\e[49m                                                \e[m
\e[49m                                                \e[m

